.Random.seed <-
c(403L, 400L, 727911793L, 429795235L, 1970695922L, -2142849468L, 
-1224460025L, 1799413981L, -292919852L, -511526662L, 206233669L, 
887605407L, -1430023642L, 31680176L, 109890387L, -1716853135L, 
356928416L, -1290134722L, -820633015L, 931190523L, -239999286L, 
59725868L, 1248378927L, -1681342235L, -522983012L, -419113998L, 
-1308733843L, 1685224359L, -1725332018L, 224637736L, -759391957L, 
1146004297L, -1318909864L, 904867078L, -610260767L, -738197389L, 
-633414430L, -1006826412L, -319934121L, 1281593677L, -528177948L, 
-1916520246L, -749611723L, -733480049L, 140083350L, 1996398656L, 
1427982595L, 1399121185L, 861316624L, 837047790L, -1070773863L, 
907298347L, -1386361062L, 925210076L, 1621998559L, -1852699723L, 
-145394356L, 1271776162L, -1536873731L, 1922094071L, -74453730L, 
-486502440L, -982515397L, 892393177L, -736736664L, 1846647702L, 
-1272086767L, 1490348227L, 144750802L, -373801628L, -1964048217L, 
-1620683267L, -1143076876L, -512716582L, -160619995L, -812040385L, 
2008599750L, -746520240L, -136687245L, 1942477713L, -2013573696L, 
1403520926L, -326477463L, -380454501L, -1415181142L, -124118324L, 
1739694991L, 636196805L, 1222990716L, -25238574L, -287542451L, 
-1239256569L, 1601638894L, 906046664L, -452828213L, 937109033L, 
1497345144L, 17918374L, 255265729L, 1081280595L, 882007810L, 
883509812L, -638640201L, 812064685L, 66321604L, -526847766L, 
1926883157L, -2102773521L, 177647350L, -1635739104L, -1776611357L, 
-1881578367L, 347337456L, 759159182L, -912689415L, 1973159051L, 
-1794872134L, -719345732L, 1775817983L, -416925611L, 753650540L, 
1926996930L, 2029921309L, -677784425L, 1732043262L, -948559432L, 
1520168347L, -1235176455L, -1557759160L, 184735350L, 79286193L, 
981660131L, 1012397746L, -1213363452L, -74549177L, 1022652189L, 
970110356L, -755099334L, -2098575995L, -371749281L, -1503029018L, 
436345712L, 1586543763L, 1301227825L, 908652512L, -857287554L, 
1031329545L, -953673413L, 41450762L, -1033374484L, -626564753L, 
-2024610139L, 937998428L, 1356140594L, -82032851L, 623642087L, 
893122830L, -1165697304L, -760155925L, 1697280393L, -1780403944L, 
-408796090L, -1893708639L, 1857311539L, -645629278L, -1803071084L, 
-424632297L, -1275430899L, -1301353180L, -656844534L, -1928646539L, 
1441029071L, -1798320938L, -878740352L, 1207476931L, -485684127L, 
1181773008L, -178651602L, -1255571495L, -574201877L, 1658353242L, 
-470446052L, -1826083553L, -976433803L, -1097352180L, -1842799134L, 
1663393469L, 690698551L, 75046366L, -1131154664L, 378878587L, 
-1474430951L, -1210683224L, -561532330L, 1785069265L, 1179553411L, 
2016183570L, -386142044L, 1142157415L, -234667587L, -1831023820L, 
300531866L, 1348388581L, 1327001727L, 1816586758L, 1930352016L, 
1265444915L, -560527407L, 1133022592L, 2147254366L, -605933655L, 
55326299L, 803375722L, 348829452L, 1604944207L, 747461125L, 1405724860L, 
-11959918L, -2028348787L, -1620670265L, -1695236690L, 1176545288L, 
1879522315L, 706320617L, 18495416L, 252383334L, 55501057L, 793655187L, 
-2023405502L, -450308548L, 1620587378L, -507472272L, -1288928220L, 
1828044600L, 1803171994L, 870522576L, -1543021380L, -2007561580L, 
224236162L, 958496960L, 196687164L, -342132592L, -894396894L, 
-1736584696L, -1668227828L, 847106716L, 440763922L, 364890496L, 
275954196L, -1704817112L, -2031660742L, 579107792L, -980976020L, 
1746400052L, 186405522L, 2091025760L, 1488469324L, 2126787552L, 
1382207394L, 409837480L, 1509255052L, 1942497980L, -1308486798L, 
513222896L, -1400044476L, 13223256L, 239771706L, 2054861680L, 
-1752533956L, 499874580L, -19675710L, -813826848L, 1242783612L, 
-741173552L, 285272738L, -466418648L, 1540436236L, 1055308732L, 
849976626L, 1058326464L, 1725675060L, -1919384632L, -1349305158L, 
59645840L, 1165394412L, 1842189396L, 231656082L, 2106469152L, 
-276846132L, 11285472L, 1476005570L, 1285396008L, 1634733740L, 
2010627772L, 1301201394L, -942444240L, -688027484L, 959118008L, 
-493389990L, 424971664L, -1636786820L, 1846003988L, -104594110L, 
-1850912000L, -413301828L, 1693725520L, 1594727714L, 1958168904L, 
1496079372L, 1974948956L, -892681006L, 242004992L, -220321964L, 
-739829272L, 1081730042L, -1417633072L, -506671828L, 1791247604L, 
-1834921070L, -1053502368L, 397588748L, 1294414560L, 804322658L, 
-256149848L, 1794268748L, -1333062788L, 334061362L, -1913517456L, 
1509847364L, 950593496L, 381269114L, -1071920592L, -1839212868L, 
-955037868L, -1047824830L, -1832265824L, -1936636740L, 1881838032L, 
-121605790L, -156413976L, 270300108L, 1072133884L, 1283273714L, 
212814976L, -148666124L, -1758404472L, -1123454662L, -1645999280L, 
1833947244L, -1499927404L, -797928110L, -774767904L, -1223492404L, 
-1091869536L, -126106238L, 1565775080L, 1380574444L, -657315780L, 
164392050L, -1797600144L, -1916988892L, 314046008L, 717857306L, 
-550007600L, -1741582788L, 303024276L, -1791232894L, 2031727552L, 
813173052L, -1889366384L, 1637045282L, -316850168L, -933657460L, 
-1322091492L, -1173614446L, -1888314240L, -1221194732L, 1458513704L, 
-814657478L, -1516349232L, 2119893100L, 752948916L, 2108718098L, 
-1924705312L, -1275452468L, 18336224L, 659544098L, 1918373160L, 
-1561870068L, 328368700L, 599173362L, 224505072L, -816144572L, 
492256344L, -1197408710L, 1575164144L, -1432615236L, 1931239956L, 
3073218L, 870111840L, -2120326788L, -241771312L, -542281694L, 
-1335020376L, -1889881716L, 1131557308L, -181752782L, -97874112L, 
-1224471884L, 1859910984L, -2072545606L, 3336976L, -1864230676L, 
-355521452L, 579072786L, -270307936L, -813824052L, -799909024L, 
-255095614L, 307982888L, -302408276L, -1491381444L, 2030960498L, 
-1499967696L, -1747899356L, -2111942088L, -1719429414L, 1935131536L, 
2076000508L, -1178367596L, 181431106L, -1869434368L, 1100862524L, 
-1440773552L, -505015134L, -2072225976L, 879175180L, 461555420L, 
1032568914L, -716357504L, 474850132L, -1037372440L, 1406010106L, 
-407687344L, -1757491156L, 375419252L, -1015235950L, 1143050848L, 
717057164L, -1462067872L, 1897939170L, -1924724568L, 850010828L, 
-434870788L, 1104295858L, 1633894384L, -1555360756L, -1988201507L, 
-532916505L, 1205917456L, 652035630L, -2097603365L, 2031325629L, 
1951895338L, -733169720L, -1134203663L, 142328419L, -805493148L, 
-709939822L, 511904359L, -1640185295L, 1706921846L, 1057207444L, 
-1675416923L, 179914671L, -220384152L, -606308282L, 1362300403L, 
1752746325L, 260012850L, 1315806976L, -508580887L, 1173968475L, 
-355620692L, 765378234L, -312427409L, 502610425L, -1560437618L, 
2050774364L, 136472013L, 1586325815L, 1503753152L, 2116488350L, 
-1736527509L, 321562861L, 212390234L, 1766599192L, 1734276993L, 
-1168771789L, -1334215852L, -1079259806L, -1434440201L, -388544959L, 
-297270586L, 698692612L, -1262533707L, 440769695L, -1594099464L, 
-1957334826L, 771340643L, 1557288229L, -1961479486L, 664960944L, 
-491256871L, 1954958667L, 2033150908L, 989492202L, -693537761L, 
945353385L, -724191682L, 1872669484L, -358029955L, -84530233L, 
2022333104L, 855312590L, 695919099L, 1940271709L, 815148426L, 
835089832L, 1639521041L, -2113193469L, 651103492L, 602048818L, 
-922151033L, 1384826321L, -1943881898L, 2062927156L, 953863237L, 
1912829071L, 2030428680L, -1774756314L, -632445229L, -1916512203L, 
1478227858L, 1571686240L, 45302473L, -952154629L, -235310644L, 
1130854490L, -1896282801L, -2112533479L, -1698033106L, -985231300L, 
-2103593555L, -1147664809L, -2126088288L, 1901499646L, -797956149L, 
-536890931L, 1796687098L, -1331411144L, 813634785L, -1452755053L, 
1205234612L, 1687347394L, 122336471L, -579493599L, -961238810L, 
1795169764L, -1112704747L, 939716927L, 1370070232L, -1245637386L, 
497610499L, -1356412859L, -1196152734L, -1530028080L, 1643373817L, 
-1008685525L, 1233156508L, -1104164406L, 650398399L, 1720515593L, 
-454460130L, -2076188468L, -1773484899L, -1678862041L, 1042375504L, 
974634478L, -875722085L, -1056514819L, 1065698282L, 1583142024L, 
1059433009L, 2029870243L, -1163001692L, -1117195950L, -1573073753L, 
-1872811791L, 1193967670L, -861118252L, 417305701L, -886714769L, 
